$ANSIBLE_VAULT;1.1;AES256
37666333663330336663383562646534613039326634653034633831333939353762613065336235
3837616432333661366638313164653738373532386230650a306461666164366462333835613363
66353633333035326362303830303662343236393439663338313766356231373332613465626564
3334376161323162380a363761353631643466303735656561383865303362353733363562623632
38313932353438373861313165643436323733656264333033373634636632303538653362393763
65623632343134366235623331323539366432373330613437643037363832356138366634666265
37653464376635623938356535323865643634323730386666376337623262336234316631356537
30616639656231643266663837303265346661366364373465616365616136386161323633336536
64313234643365353965363533383862633832363962353839316231613232613766303264326535
64613262333036356137306431306433346565306634376130393564303338393938326363363564
35303535363861343561663738316461663632623264316637363266353364636161653137383236
64316265336134373365343531393461363631343335323661393864343138326561373030616665
39656632323764613866386237653431386637393339383633636337313833386464636232303938
34653665636232346563396262343064633163313966646566326136323535333364656663643332
30616336393061383132363363663638313864396230373333383233643232623538303366393335
34623665653862366461653962323963663961613637356164383734663735353039666262613666
35326165306466306537363338373132656265653430383361323238346133656139666439303836
34376433653532613931303234316537626236396464616164396563666264396538356137633435
61616531646566656138653039653064323238343139383262616231313239656266636430393030
62333731366532356232383931613138613536356235353765316565316537636135376264326562
38383365306138346332656337323766336335383538356430383635663136393933613931343237
35383332306566356437383130363336643061316431323139323531313532613364666361646166
33633565343931613264643133306564343061386463333332363130653030653534663239613133
36663166396637633864616130323661343665366138643236393761306333353239643764626139
33373136373338633161366137646530646236653266383166383364383139353738643833383634
61383032313031633937333239313439613562663765633165353138653763386566313731646233
65653863336532633632363634633031353730366161386436356439636138393138363331393131
33633162383138383265663333383833313763633932323234306532653535383431613966643237
37326630313461613435616132663963326362336434363761666666623136376631353161646361
34663930356233616536636266636563353830353066313061366661356462303863323032636533
38363038393639376639313635303034633136303139636137343862666634373135393239386161
61323065316165383439613962316639623338623834643430623163646238663833343231623937
64636365656563316165336461386661356233363937303738386133346235636331623538323364
39613063656130373631336164623763363666633163306262326364353362326631363437396531
33393965613131663035636166386466386566373230633466396439646462316632346161303634
63373564663033623135353361303537303866396130376638636663666435393065356365373463
66303031333834663534383365643936353931636631646639613961356433313766333731616532
34343331643865323264373565656537663237323563646564303230663338313834663235646431
61303764616335663062313563386161303136633439396638376662643064623064306565366334
61613762363263376661333765303939343031393665343533336637383430373763623338386538
33353064663734613634666533626462316437336362303033353139393964393233646433396632
35303930643437633162313463623061666261613132313061383834316264646539626661643032
33383464376231613037383065323763623863666162386539653665666130306131386339323238
65326463646438663134616265653764323230313730633032363439333931653138313965306433
35653838336635373831313864353834333561326162623636666239356430396163656433313365
36366266306630633837316161366661373764336263626631393934396335653737646433363466
30396630323337313736663039343466383763383262333333613235393662303761363034626331
34653365383763383335376331336434383131313134646331393761343434633464653538633565
64653238386431366262323961323865633939626366666561633933323137363761613339636430
64653362363864333134326165363833366336643466303836383666653035613362393565356364
35356134386539616630393561366463336265653233316136623737343161303533643435616235
66303163336137646338373733363839353237393338663838623366333732303436383134653837
30343038373837363263646539666463613334633362396436613131343731616264313834323537
61363962393830653938373865346661646636303732376661653138323636626163333338313536
65316639386438636666663964323532663237663032326564663166383631346630383435656138
63303938666438366666643436393566306566393033323030386566383131316564323632663633
31643135373234376239326531356362343664393466316634373764623433633931313636643834
61383830323363303937323830313835386336636661616134396531396137663236396635623230
38383466303238613133623234356634636230636530633366323665396339356631363363343963
34363363343239383535376165303630366537336635656631383262626663613766363038386332
63343431353133383038623936383032653039393961353563623230393238353465326136323766
61356430376134383732656131363661393563383664306262383731623734663935633436653763
33626462303730653336666563323762643037383532333264353665656265373731653733306235
63306438383337663362636562313664613564353531346436653765396436663231326461376462
62376464633066376136363133643765346261396365383839343638616561623331646363396136
32626630353063393162333236346130363938336538656665616261383663366138663433393062
61346134643833643965323164663963366166663163613861373838333961363833323165353366
38353836383164333136666462623066656238336666333131323435373931303833396666636534
32336164303631656434653430343934393164653939363964633262303866653432653633313462
32633234383464386464666139366366623132363564386135626339376433646235636532623233
35366464373939383536323731333234626265626463363539333032633761316634303832356366
33313539313235613735363063343564383630373230323530663838303937656362353439326433
39353161646363393837616465343561653430386637353035333433646164393933333732646435
31613339633934373437383831373061383362383532316137383064333631366334643166633535
34346365666133343163636564396430376230303330653734393064336339323066383864313362
34386362666664653164656462616430306462306636646238386164393333376363313162356435
35646430393734643131626438613765636432623239313865633232303166316331326231626535
33343162336661323335626530646635323233623761383134333331633962363264636235333935
39633665343832333630393061616362383538626231383433643662373638353435383134326639
66363032363061656637613332333534653439623364323134306366633561313734623661396261
64653937643138653662353961343832633133623038613161313764326262623635666630323736
62343866376138646135663761316262373930356135383637623765636362633934313863636439
37623236653038323939306434313537383065373564613564313663303632653035393636666430
30333932363934623934393730353861666536616666363362323731613430343038383264376435
33663231363265336230383733613333323861633561613932626439613861303636333163653738
39656238383162303531373439383537643739616535303461353966363832623439303836386364
34666234373536643733646536376462316530343566326164326666636561303063336632616432
64396534336564316636
